3,2
3,1
3,3
10,30
10,174
10,184
10,70
10,172
10,228
10,280
10,2
10,3
11,4
11,9
11,13
11,2
11,3
9,7
9,6
9,1
9,4
9,2
9,3
8,15
8,8
8,14
8,9
8,11
8,10
8,2
8,3
2,1
2,3
48,3
48,2
48,1
48,0
47,3
47,2
47,1
47,0
46,3
46,2
46,1
46,0
45,3
45,2
45,1
45,0
44,3
44,2
44,1
44,0
43,3
43,2
43,1
43,0
39,4
39,3
39,2
39,1
39,0
38,4
38,3
38,2
38,1
38,0
37,4
37,3
37,2
37,1
37,0
35,3
35,2
35,1
35,0
20,3
20,2
20,1
19,3
19,2
19,1
18,3
18,1
14,3
14,1
13,3
13,1
12,3
12,2
12,1
11,30
11,28
11,27
11,26
11,23
11,22
11,21
11,20
